13  800   0 524272 4272.907 341.817 -0.349 0.472
13  800   1 524473 4272.676 341.998 -0.580 0.472
13  800   2 525341 4272.990 342.706 -0.265 0.473
13  800   3 524485 4273.104 340.273 -0.151 0.470
13  800   4 524392 4273.574 342.939 0.319 0.474
13  800   5 524084 4273.047 342.683 -0.208 0.473
13  800   6 524938 4273.270 340.698 0.015 0.470
13  800   7 524045 4273.947 343.884 0.692 0.475
13  800   8 524574 4272.536 340.246 -0.720 0.470
13  800   9 524800 4272.959 342.169 -0.296 0.472
13  800  10 524342 4272.453 338.274 -0.802 0.467
13  800  11 524921 4273.357 342.322 0.101 0.472
13  800  12 525100 4273.455 341.915 0.199 0.472
13  800  13 524210 4272.858 340.267 -0.397 0.470
13  800  14 524976 4273.139 342.349 -0.116 0.472
13  800  15 525844 4273.492 341.634 0.236 0.471
13  800  16 524125 4273.273 341.652 0.017 0.472
13  800  17 524707 4273.396 341.529 0.140 0.471
13  800  18 523379 4273.076 340.648 -0.179 0.471
13  800  19 523892 4273.634 340.682 0.379 0.471
13  800  20 524410 4273.345 344.715 0.090 0.476
13  800  21 524253 4273.268 338.952 0.012 0.468
13  800  22 523214 4273.353 342.069 0.097 0.473
13  800  23 523022 4272.962 342.526 -0.293 0.474
13  800  24 524849 4273.512 340.644 0.257 0.470
13  800  25 523997 4273.001 339.364 -0.254 0.469
13  800  26 523849 4273.578 339.909 0.323 0.470
13  800  27 524088 4274.078 342.384 0.823 0.473
13  800  28 525059 4273.100 340.850 -0.155 0.470
13  800  29 523821 4273.493 340.891 0.237 0.471
13  800  30 524467 4272.670 339.119 -0.586 0.468
13  800  31 524661 4273.960 341.431 0.704 0.471
13  800  32 524486 4273.499 342.536 0.243 0.473
13  800  33 524077 4272.686 340.821 -0.569 0.471
13  800  34 524554 4272.709 340.585 -0.546 0.470
13  800  35 523626 4274.001 342.620 0.745 0.473
13  800  36 524009 4274.018 344.475 0.762 0.476
13  800  37 523271 4273.232 340.635 -0.023 0.471
13  800  38 523129 4272.915 339.979 -0.341 0.470
13  800  39 524945 4272.236 341.399 -1.020 0.471
13  800  40 524614 4273.577 340.671 0.322 0.470
13  800  41 524586 4273.395 343.399 0.139 0.474
13  800  42 523232 4272.674 341.769 -0.581 0.472
13  800  43 525629 4274.038 342.945 0.782 0.473
13  800  44 525189 4273.977 341.630 0.721 0.471
13  800  45 523297 4273.799 342.879 0.543 0.474
13  800  46 523809 4272.979 341.899 -0.276 0.472
13  800  47 523884 4273.813 340.762 0.558 0.471
13  800  48 524265 4272.923 341.356 -0.333 0.471
13  800  49 524438 4273.550 344.037 0.295 0.475
13  800  50 524951 4273.422 341.866 0.167 0.472
13  800  51 524347 4272.600 343.114 -0.655 0.474
13  800  52 524086 4274.002 343.916 0.746 0.475
13  800  53 523784 4273.463 341.076 0.207 0.471
13  800  54 525604 4273.888 342.829 0.633 0.473
13  800  55 524198 4273.010 342.379 -0.246 0.473
13  800  56 524971 4273.780 341.008 0.524 0.471
13  800  57 523507 4273.702 340.391 0.447 0.470
13  800  58 524315 4273.271 343.263 0.016 0.474
13  800  59 524511 4273.428 343.706 0.172 0.475
13  800  60 524541 4272.460 341.286 -0.796 0.471
13  800  61 523658 4272.865 343.634 -0.391 0.475
13  800  62 523940 4272.666 341.750 -0.590 0.472
13  800  63 524412 4273.387 341.441 0.132 0.471
13  800  64 523432 4273.714 341.570 0.459 0.472
13  800  65 523835 4273.845 341.841 0.590 0.472
13  800  66 523945 4272.194 340.992 -1.062 0.471
13  800  67 523586 4273.417 341.365 0.162 0.472
13  800  68 524451 4273.142 340.355 -0.114 0.470
13  800  69 523853 4273.640 341.035 0.385 0.471
13  800  70 522620 4272.481 340.926 -0.775 0.472
13  800  71 525094 4272.800 341.545 -0.455 0.471
13  800  72 523679 4273.504 340.777 0.249 0.471
13  800  73 524929 4273.400 342.909 0.145 0.473
13  800  74 524798 4272.231 340.118 -1.024 0.469
13  800  75 524653 4272.935 341.825 -0.320 0.472
13  800  76 522304 4274.326 344.898 1.070 0.477
13  800  77 523561 4272.461 341.575 -0.795 0.472
13  800  78 525979 4273.522 340.017 0.267 0.469
13  800  79 523779 4272.368 340.617 -0.887 0.471
13  800  80 523791 4273.438 341.704 0.182 0.472
13  800  81 525201 4273.222 343.488 -0.033 0.474
13  800  82 523290 4273.281 340.424 0.026 0.471
13  800  83 523973 4273.842 341.502 0.586 0.472
13  800  84 523807 4273.467 342.215 0.211 0.473
13  800  85 523695 4272.940 341.251 -0.316 0.472
13  800  86 523659 4273.159 341.602 -0.096 0.472
13  800  87 524547 4273.822 341.900 0.567 0.472
13  800  88 524433 4274.446 341.919 1.191 0.472
13  800  89 524510 4272.400 340.387 -0.856 0.470
13  800  90 524032 4273.046 339.383 -0.210 0.469
13  800  91 524731 4272.625 340.482 -0.630 0.470
13  800  92 525408 4273.310 338.914 0.055 0.468
13  800  93 524394 4273.051 340.570 -0.205 0.470
13  800  94 524648 4272.818 342.846 -0.437 0.473
13  800  95 524277 4272.761 341.258 -0.494 0.471
13  800  96 524558 4273.443 340.427 0.187 0.470
13  800  97 523640 4273.149 344.682 -0.106 0.476
13  800  98 524278 4274.321 341.403 1.065 0.472
13  800  99 524345 4273.588 341.709 0.332 0.472
13  800 100 523421 4273.066 339.608 -0.190 0.469
13  800 101 522754 4273.722 340.916 0.466 0.472
13  800 102 524072 4273.256 340.945 0.001 0.471
13  800 103 524022 4273.636 342.639 0.380 0.473
13  800 104 524720 4272.966 340.010 -0.289 0.469
13  800 105 524839 4273.346 344.928 0.090 0.476
13  800 106 523474 4273.333 339.084 0.077 0.469
13  800 107 524489 4273.177 340.128 -0.078 0.470
13  800 108 523887 4272.450 339.166 -0.806 0.469
13  800 109 523919 4273.824 340.918 0.568 0.471
13  800 110 525153 4273.391 342.625 0.136 0.473
13  800 111 522545 4272.060 339.180 -1.195 0.469
13  800 112 524522 4272.992 340.987 -0.264 0.471
13  800 113 524371 4272.625 342.743 -0.630 0.473
13  800 114 524842 4273.112 340.750 -0.143 0.470
13  800 115 524469 4273.780 343.753 0.524 0.475
13  800 116 522713 4273.604 342.246 0.348 0.473
13  800 117 524424 4273.687 341.596 0.432 0.472
13  800 118 524749 4273.423 341.396 0.167 0.471
13  800 119 523055 4273.374 340.884 0.118 0.471
13  800 120 524452 4273.516 341.004 0.261 0.471
13  800 121 523632 4273.783 342.782 0.528 0.474
13  800 122 523732 4272.770 339.819 -0.485 0.470
13  800 123 525173 4273.576 341.346 0.321 0.471
13  800 124 524816 4273.894 341.982 0.638 0.472
13  800 125 524642 4273.072 339.777 -0.183 0.469
13  800 126 524110 4273.451 342.198 0.196 0.473
13  800 127 524253 4273.141 341.764 -0.115 0.472
13  800 128 525037 4273.350 343.649 0.095 0.474
13  800 129 524161 4272.767 338.360 -0.488 0.467
13  800 130 523419 4273.271 342.613 0.015 0.474
13  800 131 524060 4273.912 342.392 0.656 0.473
13  800 132 524381 4272.372 340.684 -0.884 0.470
13  800 133 524803 4273.656 340.200 0.401 0.470
13  800 134 524362 4272.973 342.837 -0.282 0.473
13  800 135 525412 4272.979 340.403 -0.277 0.470
13  800 136 523935 4272.895 342.182 -0.360 0.473
13  800 137 523946 4273.783 342.587 0.527 0.473
13  800 138 523543 4273.502 342.889 0.247 0.474
13  800 139 524001 4272.581 339.707 -0.675 0.469
13  800 140 525012 4272.719 337.519 -0.537 0.466
13  800 141 525149 4273.270 342.270 0.014 0.472
13  800 142 523885 4273.163 342.621 -0.093 0.473
13  800 143 523264 4273.497 341.160 0.241 0.472
13  800 144 525782 4273.007 341.820 -0.248 0.471
13  800 145 524677 4272.813 338.648 -0.442 0.468
13  800 146 523322 4273.090 341.872 -0.166 0.473
13  800 147 524228 4272.896 341.371 -0.359 0.471
13  800 148 524681 4274.346 341.645 1.091 0.472
13  800 149 525152 4273.086 341.095 -0.170 0.471
13  800 150 524522 4273.945 341.399 0.689 0.471
13  800 151 523931 4273.695 342.081 0.439 0.473
13  800 152 522559 4273.057 337.855 -0.199 0.467
13  800 153 524149 4272.833 341.506 -0.422 0.472
13  800 154 525161 4272.652 339.751 -0.603 0.469
13  800 155 524254 4273.021 340.285 -0.235 0.470
13  800 156 523994 4273.603 342.370 0.347 0.473
13  800 157 523656 4273.354 339.373 0.099 0.469
13  800 158 524519 4273.314 338.648 0.059 0.468
13  800 159 524374 4273.935 344.191 0.679 0.475
13  800 160 523111 4274.221 342.730 0.966 0.474
13  800 161 523194 4273.565 341.075 0.309 0.472
13  800 162 523855 4273.108 339.313 -0.148 0.469
13  800 163 524864 4273.264 341.988 0.008 0.472
13  800 164 524848 4272.519 340.023 -0.737 0.469
13  800 165 523648 4273.372 342.876 0.116 0.474
13  800 166 524459 4273.534 343.046 0.279 0.474
13  800 167 523963 4273.156 340.686 -0.100 0.471
13  800 168 523365 4272.515 340.643 -0.741 0.471
13  800 169 523938 4273.425 343.472 0.169 0.475
13  800 170 524975 4273.785 340.653 0.530 0.470
13  800 171 524448 4273.295 340.727 0.039 0.470
13  800 172 524335 4273.221 342.396 -0.035 0.473
13  800 173 524275 4273.224 342.994 -0.032 0.474
13  800 174 523707 4273.006 340.628 -0.249 0.471
13  800 175 525605 4273.576 342.630 0.320 0.473
13  800 176 524160 4272.978 343.284 -0.278 0.474
13  800 177 524261 4274.984 347.223 1.729 0.480
13  800 178 523847 4273.799 342.335 0.544 0.473
13  800 179 524309 4272.500 341.693 -0.756 0.472
13  800 180 524243 4273.159 342.390 -0.097 0.473
13  800 181 524321 4273.705 339.636 0.450 0.469
13  800 182 523400 4273.311 342.323 0.055 0.473
13  800 183 525679 4273.784 345.177 0.528 0.476
13  800 184 524066 4273.885 341.340 0.630 0.472
13  800 185 523558 4274.058 342.219 0.802 0.473
13  800 186 525008 4272.557 340.218 -0.699 0.470
13  800 187 523937 4273.701 341.349 0.445 0.472
13  800 188 524957 4272.891 340.761 -0.364 0.470
13  800 189 524341 4273.575 342.421 0.319 0.473
13  800 190 524228 4273.020 342.840 -0.235 0.474
13  800 191 525100 4272.102 340.350 -1.154 0.470
13  800 192 525296 4272.276 339.279 -0.980 0.468
13  800 193 522940 4273.385 341.376 0.130 0.472
13  800 194 524613 4273.038 340.697 -0.218 0.470
13  800 195 523279 4273.960 341.259 0.704 0.472
13  800 196 523485 4273.856 343.152 0.600 0.474
13  800 197 524284 4272.954 341.635 -0.302 0.472
13  800 198 522820 4273.951 343.001 0.695 0.474
13  800 199 523836 4272.978 343.372 -0.277 0.474
13  800 200 524202 4274.439 343.567 1.184 0.475
13  800 201 524321 4274.099 342.957 0.843 0.474
13  800 202 524737 4272.833 341.947 -0.423 0.472
13  800 203 525029 4273.108 343.499 -0.148 0.474
13  800 204 524965 4273.421 341.800 0.165 0.472
13  800 205 524669 4272.927 343.827 -0.329 0.475
13  800 206 524846 4273.267 343.156 0.012 0.474
13  800 207 524736 4273.407 343.603 0.151 0.474
13  800 208 524981 4272.954 341.795 -0.302 0.472
13  800 209 523916 4272.426 339.061 -0.830 0.468
13  800 210 524579 4273.454 343.167 0.198 0.474
13  800 211 525746 4272.917 344.490 -0.339 0.475
13  800 212 524824 4273.584 339.731 0.329 0.469
13  800 213 525864 4273.823 342.251 0.568 0.472
13  800 214 524541 4273.275 343.297 0.020 0.474
13  800 215 524692 4272.765 341.303 -0.491 0.471
13  800 216 523751 4273.230 340.581 -0.025 0.471
13  800 217 523249 4272.684 341.177 -0.572 0.472
13  800 218 524160 4272.596 339.143 -0.660 0.468
13  800 219 524036 4272.756 342.569 -0.499 0.473
13  800 220 523855 4273.217 340.845 -0.039 0.471
13  800 221 524472 4273.122 342.875 -0.133 0.473
13  800 222 524082 4273.389 342.348 0.134 0.473
13  800 223 524178 4273.448 340.951 0.192 0.471
13  800 224 524916 4273.244 338.950 -0.012 0.468
13  800 225 525266 4272.674 341.148 -0.582 0.471
13  800 226 524452 4272.767 338.817 -0.489 0.468
13  800 227 524570 4273.934 340.535 0.679 0.470
13  800 228 524034 4272.726 339.417 -0.529 0.469
13  800 229 525308 4273.083 340.163 -0.173 0.469
13  800 230 524401 4273.845 343.137 0.589 0.474
13  800 231 523864 4274.174 343.768 0.918 0.475
13  800 232 524727 4273.836 342.930 0.580 0.473
13  800 233 524177 4273.073 341.596 -0.182 0.472
13  800 234 524235 4273.515 339.884 0.259 0.469
13  800 235 524545 4272.993 343.968 -0.262 0.475
13  800 236 523464 4273.054 342.062 -0.202 0.473
13  800 237 525279 4273.572 341.243 0.316 0.471
13  800 238 524106 4273.782 343.482 0.527 0.474
13  800 239 524421 4273.209 342.854 -0.046 0.473
13  800 240 524987 4273.127 341.033 -0.129 0.471
13  800 241 524689 4271.802 341.450 -1.454 0.471
13  800 242 524449 4272.955 341.990 -0.300 0.472
13  800 243 523525 4272.667 342.255 -0.589 0.473
13  800 244 524516 4272.775 342.442 -0.481 0.473
13  800 245 524602 4272.632 338.374 -0.624 0.467
13  800 246 524276 4273.287 343.105 0.032 0.474
13  800 247 524684 4273.235 340.379 -0.020 0.470
13  800 248 524635 4273.205 343.302 -0.051 0.474
13  800 249 523858 4274.191 342.237 0.935 0.473
13  800 250 524313 4273.174 341.395 -0.082 0.471
13  800 251 524536 4272.910 339.225 -0.346 0.468
13  800 252 524433 4272.751 339.199 -0.504 0.468
13  800 253 524833 4273.071 337.797 -0.184 0.466
13  800 254 524343 4273.802 342.315 0.546 0.473
13  800 255 525544 4273.127 340.947 -0.129 0.470