13  800   0 524322 348.075 59.337 -0.135 0.082
13  800   1 524450 348.379 74.254 0.169 0.103
13  800   2 525428 348.271 71.772 0.061 0.099
13  800   3 524466 348.340 71.216 0.130 0.098
13  800   4 524445 348.116 67.052 -0.093 0.093
13  800   5 524167 348.190 65.277 -0.020 0.090
13  800   6 525001 348.404 73.479 0.194 0.101
13  800   7 523934 348.296 73.427 0.086 0.101
13  800   8 524344 348.118 65.702 -0.092 0.091
13  800   9 524769 348.285 71.352 0.075 0.098
13  800  10 524333 348.265 70.564 0.055 0.097
13  800  11 524824 348.285 68.560 0.076 0.095
13  800  12 525132 348.111 62.109 -0.098 0.086
13  800  13 524108 348.092 65.195 -0.117 0.090
13  800  14 524957 348.193 69.130 -0.017 0.095
13  800  15 525844 348.175 68.906 -0.034 0.095
13  800  16 524089 348.123 66.323 -0.087 0.092
13  800  17 524720 348.130 66.713 -0.079 0.092
13  800  18 523532 348.130 66.456 -0.080 0.092
13  800  19 523875 347.990 58.956 -0.220 0.081
13  800  20 524277 348.186 68.911 -0.024 0.095
13  800  21 524215 348.287 67.316 0.078 0.093
13  800  22 523104 348.029 59.503 -0.181 0.082
13  800  23 523022 348.076 62.519 -0.134 0.086
13  800  24 524708 348.216 70.957 0.006 0.098
13  800  25 524029 348.039 62.214 -0.170 0.086
13  800  26 523835 348.229 66.443 0.019 0.092
13  800  27 524126 348.216 70.312 0.006 0.097
13  800  28 525097 348.132 59.943 -0.078 0.083
13  800  29 523748 348.111 67.908 -0.098 0.094
13  800  30 524451 348.161 68.271 -0.049 0.094
13  800  31 524627 348.050 65.308 -0.160 0.090
13  800  32 524493 348.039 65.594 -0.171 0.091
13  800  33 524117 348.254 70.925 0.044 0.098
13  800  34 524473 348.240 68.686 0.031 0.095
13  800  35 523586 348.195 66.582 -0.015 0.092
13  800  36 523943 348.219 66.850 0.009 0.092
13  800  37 523311 348.265 70.158 0.055 0.097
13  800  38 523077 348.316 68.667 0.106 0.095
13  800  39 524949 348.296 73.303 0.086 0.101
13  800  40 524661 348.100 68.665 -0.109 0.095
13  800  41 524583 348.386 73.834 0.176 0.102
13  800  42 523198 348.120 64.183 -0.090 0.089
13  800  43 525590 348.265 71.821 0.055 0.099
13  800  44 525299 348.369 78.233 0.160 0.108
13  800  45 523223 348.264 69.074 0.054 0.095
13  800  46 523802 348.091 57.873 -0.119 0.080
13  800  47 523863 348.075 66.824 -0.135 0.092
13  800  48 524304 348.297 69.473 0.087 0.096
13  800  49 524532 348.124 67.861 -0.086 0.094
13  800  50 524856 348.160 66.005 -0.050 0.091
13  800  51 524282 348.209 65.905 -0.001 0.091
13  800  52 524054 348.320 71.470 0.110 0.099
13  800  53 523692 348.354 71.145 0.144 0.098
13  800  54 525690 348.204 73.558 -0.006 0.101
13  800  55 524111 348.319 73.852 0.110 0.102
13  800  56 524804 348.296 71.412 0.086 0.099
13  800  57 523411 348.218 67.611 0.009 0.093
13  800  58 524347 348.151 60.613 -0.059 0.084
13  800  59 524574 348.047 63.323 -0.163 0.087
13  800  60 524558 348.125 68.298 -0.085 0.094
13  800  61 523646 348.271 71.676 0.061 0.099
13  800  62 524049 348.083 67.920 -0.127 0.094
13  800  63 524508 348.424 77.400 0.214 0.107
13  800  64 523462 348.146 63.563 -0.064 0.088
13  800  65 523925 348.155 65.218 -0.055 0.090
13  800  66 523975 348.239 69.538 0.029 0.096
13  800  67 523479 348.120 63.866 -0.089 0.088
13  800  68 524468 348.258 72.776 0.048 0.100
13  800  69 523872 348.307 68.067 0.097 0.094
13  800  70 522624 348.251 69.177 0.041 0.096
13  800  71 525104 348.238 64.787 0.028 0.089
13  800  72 523777 348.174 66.720 -0.036 0.092
13  800  73 524959 348.064 60.679 -0.146 0.084
13  800  74 524746 348.039 62.800 -0.171 0.087
13  800  75 524686 348.352 74.374 0.142 0.103
13  800  76 522431 348.213 68.485 0.004 0.095
13  800  77 523539 348.307 70.118 0.098 0.097
13  800  78 525996 348.167 64.498 -0.043 0.089
13  800  79 523865 348.195 67.002 -0.015 0.093
13  800  80 523738 348.185 68.603 -0.024 0.095
13  800  81 525122 348.019 68.504 -0.191 0.095
13  800  82 523352 348.284 71.757 0.075 0.099
13  800  83 524102 348.082 65.726 -0.128 0.091
13  800  84 523793 348.150 67.642 -0.060 0.093
13  800  85 523655 348.221 74.595 0.011 0.103
13  800  86 523665 348.194 69.109 -0.015 0.096
13  800  87 524557 348.258 67.611 0.048 0.093
13  800  88 524297 348.215 72.834 0.005 0.101
13  800  89 524575 348.150 63.754 -0.060 0.088
13  800  90 524071 348.151 64.118 -0.059 0.089
13  800  91 524764 348.208 64.926 -0.001 0.090
13  800  92 525347 348.143 66.670 -0.067 0.092
13  800  93 524416 348.363 67.524 0.153 0.093
13  800  94 524638 348.360 76.028 0.151 0.105
13  800  95 524356 348.321 71.884 0.112 0.099
13  800  96 524667 348.282 69.950 0.072 0.097
13  800  97 523594 348.052 65.116 -0.158 0.090
13  800  98 524394 348.017 59.842 -0.193 0.083
13  800  99 524362 348.229 69.517 0.019 0.096
13  800 100 523388 348.279 71.372 0.069 0.099
13  800 101 522628 348.054 61.193 -0.156 0.085
13  800 102 524074 348.166 67.862 -0.044 0.094
13  800 103 524237 348.172 70.445 -0.038 0.097
13  800 104 524734 348.329 77.235 0.119 0.107
13  800 105 524840 348.287 71.054 0.077 0.098
13  800 106 523536 348.151 65.936 -0.058 0.091
13  800 107 524600 348.238 69.975 0.028 0.097
13  800 108 523782 348.263 71.886 0.053 0.099
13  800 109 523979 348.189 65.973 -0.021 0.091
13  800 110 525091 348.233 68.269 0.023 0.094
13  800 111 522652 348.209 69.667 -0.001 0.096
13  800 112 524463 348.272 70.232 0.062 0.097
13  800 113 524383 348.315 65.576 0.106 0.091
13  800 114 524825 348.244 67.681 0.034 0.093
13  800 115 524594 348.153 67.057 -0.057 0.093
13  800 116 522842 348.187 69.006 -0.023 0.095
13  800 117 524415 348.160 65.002 -0.050 0.090
13  800 118 524745 348.165 66.248 -0.045 0.091
13  800 119 523119 348.095 66.957 -0.115 0.093
13  800 120 524483 348.315 74.369 0.105 0.103
13  800 121 523562 348.243 69.589 0.034 0.096
13  800 122 523717 348.120 66.815 -0.089 0.092
13  800 123 525268 348.256 69.753 0.046 0.096
13  800 124 524810 348.357 73.244 0.148 0.101
13  800 125 524524 348.356 70.058 0.146 0.097
13  800 126 524154 348.069 62.176 -0.141 0.086
13  800 127 524259 348.218 66.931 0.008 0.092
13  800 128 525204 348.311 70.023 0.101 0.097
13  800 129 524057 348.204 67.375 -0.006 0.093
13  800 130 523241 348.075 61.051 -0.135 0.084
13  800 131 524097 348.124 63.546 -0.086 0.088
13  800 132 524490 348.329 72.492 0.120 0.100
13  800 133 524734 348.232 72.032 0.022 0.099
13  800 134 524317 348.179 68.775 -0.031 0.095
13  800 135 525424 348.286 70.794 0.076 0.098
13  800 136 523820 348.570 77.651 0.360 0.107
13  800 137 523963 348.106 61.201 -0.104 0.085
13  800 138 523713 348.177 69.055 -0.033 0.095
13  800 139 524094 348.271 68.611 0.061 0.095
13  800 140 524975 348.167 63.656 -0.042 0.088
13  800 141 525152 348.137 66.632 -0.072 0.092
13  800 142 523834 348.004 64.325 -0.206 0.089
13  800 143 523327 348.082 66.148 -0.128 0.091
13  800 144 525865 348.145 57.951 -0.065 0.080
13  800 145 524845 348.210 67.994 0.000 0.094
13  800 146 523231 348.208 71.680 -0.001 0.099
13  800 147 524259 348.104 65.938 -0.106 0.091
13  800 148 524673 348.311 73.319 0.101 0.101
13  800 149 525232 348.382 73.488 0.172 0.101
13  800 150 524573 348.301 69.110 0.092 0.095
13  800 151 523973 348.157 65.817 -0.053 0.091
13  800 152 522715 348.216 66.061 0.006 0.091
13  800 153 524158 348.213 74.086 0.003 0.102
13  800 154 525105 348.287 70.859 0.077 0.098
13  800 155 524184 348.077 65.529 -0.132 0.091
13  800 156 523915 348.238 69.089 0.028 0.095
13  800 157 523582 348.313 73.159 0.103 0.101
13  800 158 524513 348.086 65.456 -0.123 0.090
13  800 159 524398 348.388 74.168 0.178 0.102
13  800 160 523112 348.206 68.615 -0.003 0.095
13  800 161 523205 348.277 68.276 0.067 0.094
13  800 162 523844 348.287 70.510 0.078 0.097
13  800 163 524725 348.095 61.111 -0.114 0.084
13  800 164 524911 348.256 73.138 0.046 0.101
13  800 165 523735 348.261 69.922 0.051 0.097
13  800 166 524438 348.335 73.082 0.126 0.101
13  800 167 524017 348.062 68.118 -0.148 0.094
13  800 168 523297 348.152 64.700 -0.057 0.089
13  800 169 523989 348.262 69.491 0.052 0.096
13  800 170 524903 348.244 68.219 0.034 0.094
13  800 171 524528 348.161 68.690 -0.049 0.095
13  800 172 524384 348.078 59.615 -0.132 0.082
13  800 173 524274 348.270 68.396 0.060 0.094
13  800 174 523792 348.062 62.705 -0.148 0.087
13  800 175 525565 348.307 77.939 0.097 0.108
13  800 176 524102 348.138 64.217 -0.072 0.089
13  800 177 524276 348.123 63.217 -0.086 0.087
13  800 178 523804 348.299 71.135 0.090 0.098
13  800 179 524419 348.266 69.011 0.057 0.095
13  800 180 524207 348.155 68.880 -0.055 0.095
13  800 181 524251 347.961 58.507 -0.249 0.081
13  800 182 523481 348.104 61.729 -0.106 0.085
13  800 183 525661 348.256 74.222 0.047 0.102
13  800 184 524165 348.141 65.746 -0.069 0.091
13  800 185 523440 348.314 69.208 0.104 0.096
13  800 186 525023 348.337 75.163 0.127 0.104
13  800 187 523964 348.254 67.839 0.044 0.094
13  800 188 524911 348.131 62.904 -0.079 0.087
13  800 189 524286 348.352 71.574 0.142 0.099
13  800 190 524216 348.084 70.044 -0.126 0.097
13  800 191 525030 348.053 59.826 -0.156 0.083
13  800 192 525397 348.289 73.331 0.080 0.101
13  800 193 522995 348.210 69.003 -0.000 0.095
13  800 194 524616 348.199 65.698 -0.011 0.091
13  800 195 523252 348.081 62.135 -0.129 0.086
13  800 196 523542 348.486 79.198 0.276 0.109
13  800 197 524319 348.048 59.243 -0.162 0.082
13  800 198 522775 348.340 75.443 0.130 0.104
13  800 199 523969 348.387 72.567 0.177 0.100
13  800 200 524225 348.385 78.496 0.176 0.108
13  800 201 524350 348.257 72.519 0.048 0.100
13  800 202 524664 348.275 70.832 0.065 0.098
13  800 203 524929 348.004 63.480 -0.206 0.088
13  800 204 524875 348.402 72.897 0.192 0.101
13  800 205 524533 348.269 68.959 0.059 0.095
13  800 206 524926 348.245 71.533 0.035 0.099
13  800 207 524741 348.237 71.853 0.027 0.099
13  800 208 524986 348.165 64.289 -0.045 0.089
13  800 209 523945 348.170 68.536 -0.040 0.095
13  800 210 524523 348.277 72.901 0.067 0.101
13  800 211 525725 348.085 62.244 -0.124 0.086
13  800 212 524862 348.343 74.280 0.133 0.103
13  800 213 525936 348.296 69.665 0.086 0.096
13  800 214 524505 348.197 66.599 -0.013 0.092
13  800 215 524615 348.330 74.397 0.120 0.103
13  800 216 523806 348.174 66.870 -0.036 0.092
13  800 217 523198 348.219 62.835 0.009 0.087
13  800 218 524126 348.243 67.801 0.034 0.094
13  800 219 523989 348.154 68.775 -0.055 0.095
13  800 220 523872 348.224 69.061 0.014 0.095
13  800 221 524424 348.173 67.844 -0.036 0.094
13  800 222 524110 348.169 62.174 -0.041 0.086
13  800 223 524114 348.167 66.850 -0.043 0.092
13  800 224 524960 348.227 69.898 0.017 0.096
13  800 225 525377 348.175 67.000 -0.035 0.092
13  800 226 524402 348.132 65.679 -0.078 0.091
13  800 227 524522 348.202 66.460 -0.008 0.092
13  800 228 523954 348.280 70.970 0.071 0.098
13  800 229 525416 348.258 73.999 0.048 0.102
13  800 230 524353 348.272 68.758 0.062 0.095
13  800 231 523896 348.044 62.994 -0.166 0.087
13  800 232 524675 348.248 71.840 0.038 0.099
13  800 233 524115 348.186 65.158 -0.024 0.090
13  800 234 524251 348.271 68.997 0.061 0.095
13  800 235 524575 348.437 78.215 0.228 0.108
13  800 236 523642 348.105 63.363 -0.105 0.088
13  800 237 525065 348.331 73.555 0.122 0.102
13  800 238 524093 348.176 66.607 -0.034 0.092
13  800 239 524350 348.087 65.290 -0.122 0.090
13  800 240 524973 348.130 64.082 -0.080 0.088
13  800 241 524721 348.273 68.902 0.063 0.095
13  800 242 524517 348.150 66.438 -0.060 0.092
13  800 243 523359 348.193 65.824 -0.017 0.091
13  800 244 524453 348.229 68.491 0.019 0.095
13  800 245 524608 348.393 74.931 0.183 0.103
13  800 246 524163 348.264 68.865 0.054 0.095
13  800 247 524730 348.263 69.580 0.054 0.096
13  800 248 524627 348.122 64.781 -0.088 0.089
13  800 249 523833 348.302 69.510 0.093 0.096
13  800 250 524255 348.237 63.232 0.027 0.087
13  800 251 524429 348.162 71.004 -0.048 0.098
13  800 252 524392 348.165 64.938 -0.045 0.090
13  800 253 524812 348.307 73.902 0.097 0.102
13  800 254 524420 348.231 66.094 0.021 0.091
13  800 255 525686 348.177 70.064 -0.033 0.097