13  400   0 65449 2254.887 175.652 -0.064 0.687
13  400   1 65593 2255.461 180.590 0.510 0.705
13  400   2 65548 2255.640 176.709 0.689 0.690
13  400   3 65697 2253.671 173.593 -1.280 0.677
13  400   4 65804 2254.924 176.928 -0.027 0.690
13  400   5 65610 2255.461 182.688 0.510 0.713
13  400   6 65796 2254.308 179.238 -0.643 0.699
13  400   7 65258 2254.705 184.964 -0.246 0.724
13  400   8 65428 2256.489 182.274 1.538 0.713
13  400   9 65422 2254.805 179.798 -0.146 0.703
13  400  10 65648 2254.485 175.146 -0.466 0.684
13  400  11 65448 2254.774 176.629 -0.177 0.690
13  400  12 65804 2254.709 175.943 -0.242 0.686
13  400  13 65606 2255.261 179.106 0.310 0.699
13  400  14 65369 2254.761 176.818 -0.190 0.692
13  400  15 66107 2254.804 172.326 -0.147 0.670
13  400  16 65559 2256.589 185.733 1.638 0.725
13  400  17 65658 2255.097 174.575 0.146 0.681
13  400  18 64945 2255.588 177.121 0.637 0.695
13  400  19 65524 2254.686 174.754 -0.265 0.683
13  400  20 66082 2254.576 179.155 -0.375 0.697
13  400  21 65078 2254.215 180.579 -0.736 0.708
13  400  22 65335 2255.113 174.930 0.162 0.684
13  400  23 65196 2254.995 174.466 0.044 0.683
13  400  24 65265 2255.555 175.982 0.604 0.689
13  400  25 65496 2254.333 175.188 -0.618 0.685
13  400  26 65435 2254.787 173.169 -0.164 0.677
13  400  27 65743 2254.425 171.804 -0.526 0.670
13  400  28 64955 2255.314 172.710 0.363 0.678
13  400  29 65161 2254.364 177.774 -0.587 0.696
13  400  30 65846 2255.479 178.807 0.528 0.697
13  400  31 65570 2255.685 179.752 0.734 0.702
13  400  32 65346 2254.110 179.217 -0.841 0.701
13  400  33 65474 2254.811 176.961 -0.140 0.692
13  400  34 65732 2256.087 175.705 1.136 0.685
13  400  35 65303 2254.782 177.425 -0.169 0.694
13  400  36 65487 2254.693 178.913 -0.258 0.699
13  400  37 65448 2255.337 174.200 0.386 0.681
13  400  38 65055 2255.569 176.838 0.618 0.693
13  400  39 65525 2254.358 172.915 -0.593 0.676
13  400  40 65433 2254.760 177.687 -0.191 0.695
13  400  41 65424 2254.400 178.951 -0.551 0.700
13  400  42 65263 2256.793 186.154 1.842 0.729
13  400  43 65605 2254.782 174.026 -0.169 0.679
13  400  44 65428 2254.720 175.849 -0.231 0.687
13  400  45 65733 2253.555 173.123 -1.396 0.675
13  400  46 65746 2254.505 173.205 -0.446 0.676
13  400  47 65169 2254.108 180.072 -0.843 0.705
13  400  48 65725 2254.922 179.136 -0.029 0.699
13  400  49 65639 2253.839 177.170 -1.112 0.692
13  400  50 65451 2254.648 169.846 -0.303 0.664
13  400  51 65367 2255.707 175.284 0.756 0.686
13  400  52 65474 2255.014 176.115 0.063 0.688
13  400  53 65292 2254.216 174.193 -0.735 0.682
13  400  54 65703 2255.582 185.726 0.631 0.725
13  400  55 65476 2254.878 181.070 -0.073 0.708
13  400  56 65419 2254.444 174.915 -0.507 0.684
13  400  57 65408 2255.534 180.143 0.583 0.704
13  400  58 65558 2254.064 177.136 -0.887 0.692
13  400  59 65577 2254.954 175.788 0.003 0.686
13  400  60 65412 2254.011 181.549 -0.940 0.710
13  400  61 65592 2255.849 180.435 0.898 0.705
13  400  62 65664 2254.657 175.289 -0.294 0.684
13  400  63 65621 2253.111 178.175 -1.840 0.696
13  400  64 65913 2255.370 174.161 0.419 0.678
13  400  65 65308 2254.776 177.121 -0.175 0.693
13  400  66 65341 2256.143 183.608 1.192 0.718
13  400  67 65487 2255.196 177.497 0.245 0.694
13  400  68 65504 2254.298 176.824 -0.653 0.691
13  400  69 65308 2255.990 179.095 1.039 0.701
13  400  70 65364 2255.634 174.583 0.683 0.683
13  400  71 65675 2254.875 178.457 -0.076 0.696
13  400  72 65730 2254.120 177.327 -0.831 0.692
13  400  73 65641 2255.822 172.771 0.871 0.674
13  400  74 65417 2253.666 175.035 -1.285 0.684
13  400  75 65948 2254.261 174.724 -0.690 0.680
13  400  76 65470 2255.603 182.049 0.652 0.711
13  400  77 65031 2255.174 178.001 0.223 0.698
13  400  78 65618 2255.688 177.648 0.737 0.694
13  400  79 65895 2255.989 181.671 1.038 0.708
13  400  80 65689 2255.206 183.398 0.255 0.716
13  400  81 65450 2254.598 175.263 -0.353 0.685
13  400  82 65346 2255.846 175.594 0.895 0.687
13  400  83 65285 2256.080 175.142 1.129 0.685
13  400  84 65294 2254.804 187.069 -0.147 0.732
13  400  85 65683 2255.672 179.696 0.721 0.701
13  400  86 65662 2254.324 173.111 -0.627 0.676
13  400  87 65438 2255.425 171.622 0.474 0.671
13  400  88 65739 2254.161 178.192 -0.790 0.695
13  400  89 65575 2255.128 176.388 0.177 0.689
13  400  90 65628 2256.008 178.017 1.057 0.695
13  400  91 65824 2254.236 172.837 -0.715 0.674
13  400  92 65860 2255.655 179.481 0.704 0.699
13  400  93 65386 2255.179 182.039 0.228 0.712
13  400  94 65219 2254.780 171.143 -0.170 0.670
13  400  95 65951 2255.141 179.599 0.190 0.699
13  400  96 65800 2255.539 177.508 0.588 0.692
13  400  97 65432 2254.432 175.748 -0.519 0.687
13  400  98 65514 2254.994 172.246 0.043 0.673
13  400  99 65493 2253.804 172.219 -1.147 0.673
13  400 100 65534 2253.990 180.726 -0.961 0.706
13  400 101 65238 2254.792 175.796 -0.159 0.688
13  400 102 65754 2255.458 185.874 0.507 0.725
13  400 103 65743 2254.894 169.279 -0.057 0.660
13  400 104 65662 2255.538 172.243 0.588 0.672
13  400 105 65601 2254.793 171.900 -0.158 0.671
13  400 106 65557 2254.943 181.811 -0.008 0.710
13  400 107 65650 2255.706 184.076 0.755 0.718
13  400 108 65617 2255.465 175.864 0.514 0.687
13  400 109 65121 2255.075 170.785 0.124 0.669
13  400 110 65571 2254.599 180.673 -0.352 0.706
13  400 111 65481 2255.131 174.588 0.180 0.682
13  400 112 66092 2255.545 175.523 0.594 0.683
13  400 113 65769 2254.240 178.990 -0.711 0.698
13  400 114 65243 2254.983 180.640 0.032 0.707
13  400 115 65346 2255.169 178.553 0.218 0.698
13  400 116 65244 2254.703 172.392 -0.248 0.675
13  400 117 65331 2254.904 178.872 -0.047 0.700
13  400 118 65406 2254.734 179.267 -0.217 0.701
13  400 119 65434 2256.983 188.320 2.032 0.736
13  400 120 65541 2254.965 176.193 0.014 0.688
13  400 121 65476 2255.100 181.821 0.149 0.711
13  400 122 65781 2255.703 178.847 0.752 0.697
13  400 123 65129 2255.467 179.193 0.516 0.702
13  400 124 65731 2255.545 177.610 0.594 0.693
13  400 125 65719 2254.112 171.280 -0.839 0.668
13  400 126 65296 2253.464 172.313 -1.487 0.674
13  400 127 65288 2254.768 177.275 -0.183 0.694
13  400 128 65753 2255.289 178.735 0.338 0.697
13  400 129 65743 2254.861 183.077 -0.090 0.714
13  400 130 65119 2255.032 175.562 0.081 0.688
13  400 131 65537 2254.568 180.934 -0.383 0.707
13  400 132 65586 2255.640 181.094 0.689 0.707
13  400 133 65448 2254.991 174.329 0.040 0.681
13  400 134 65529 2254.813 177.027 -0.138 0.692
13  400 135 65687 2255.484 177.459 0.534 0.692
13  400 136 65506 2255.559 174.594 0.608 0.682
13  400 137 65380 2254.106 177.294 -0.845 0.693
13  400 138 65413 2255.600 182.074 0.649 0.712
13  400 139 65471 2255.414 182.773 0.463 0.714
13  400 140 65737 2255.282 181.332 0.331 0.707
13  400 141 65536 2254.568 177.052 -0.383 0.692
13  400 142 65907 2255.390 174.729 0.439 0.681
13  400 143 65375 2254.986 174.479 0.035 0.682
13  400 144 65674 2256.739 180.740 1.788 0.705
13  400 145 65606 2254.336 174.462 -0.615 0.681
13  400 146 65683 2253.869 173.059 -1.082 0.675
13  400 147 65517 2253.737 178.883 -1.214 0.699
13  400 148 65353 2254.156 172.200 -0.795 0.674
13  400 149 65918 2255.369 174.417 0.418 0.679
13  400 150 65299 2254.022 172.838 -0.929 0.676
13  400 151 65243 2255.358 170.578 0.407 0.668
13  400 152 65649 2255.163 182.122 0.212 0.711
13  400 153 65466 2254.570 181.475 -0.381 0.709
13  400 154 65817 2255.721 181.613 0.770 0.708
13  400 155 65588 2254.490 181.293 -0.461 0.708
13  400 156 66095 2254.642 176.287 -0.309 0.686
13  400 157 65351 2254.671 173.242 -0.279 0.678
13  400 158 65517 2254.870 177.651 -0.081 0.694
13  400 159 65323 2256.250 177.633 1.299 0.695
13  400 160 65538 2255.429 180.050 0.478 0.703
13  400 161 65821 2255.676 181.260 0.725 0.707
13  400 162 65388 2254.616 172.930 -0.335 0.676
13  400 163 65473 2254.430 176.600 -0.521 0.690
13  400 164 65779 2255.167 176.292 0.216 0.687
13  400 165 65489 2256.193 181.477 1.242 0.709
13  400 166 65351 2253.840 171.642 -1.111 0.671
13  400 167 65596 2255.758 176.473 0.807 0.689
13  400 168 65849 2255.170 182.567 0.219 0.711
13  400 169 65437 2254.357 176.791 -0.594 0.691
13  400 170 65691 2253.555 174.795 -1.396 0.682
13  400 171 65267 2254.248 179.296 -0.703 0.702
13  400 172 65526 2254.245 180.989 -0.706 0.707
13  400 173 65744 2255.287 178.382 0.336 0.696
13  400 174 65314 2254.315 182.875 -0.636 0.716
13  400 175 65223 2255.957 176.759 1.006 0.692
13  400 176 65365 2255.347 181.534 0.396 0.710
13  400 177 65794 2255.666 175.486 0.715 0.684
13  400 178 65398 2254.225 179.580 -0.726 0.702
13  400 179 65850 2253.815 175.169 -1.136 0.683
13  400 180 65332 2255.565 174.861 0.614 0.684
13  400 181 66015 2254.641 183.878 -0.310 0.716
13  400 182 66080 2255.525 181.543 0.574 0.706
13  400 183 65198 2254.870 176.342 -0.081 0.691
13  400 184 65286 2255.063 181.314 0.112 0.710
13  400 185 65362 2254.351 174.191 -0.600 0.681
13  400 186 65778 2254.888 181.664 -0.063 0.708
13  400 187 65917 2255.315 175.926 0.364 0.685
13  400 188 65759 2253.151 176.851 -1.800 0.690
13  400 189 65754 2255.920 175.740 0.969 0.685
13  400 190 65157 2255.037 180.742 0.086 0.708
13  400 191 65342 2255.393 177.512 0.442 0.694
13  400 192 65730 2254.079 177.683 -0.872 0.693
13  400 193 65276 2255.522 175.286 0.571 0.686
13  400 194 65016 2254.753 175.336 -0.198 0.688
13  400 195 65227 2254.881 173.952 -0.070 0.681
13  400 196 65791 2254.713 176.891 -0.238 0.690
13  400 197 65497 2253.770 175.552 -1.181 0.686
13  400 198 65203 2255.691 179.520 0.740 0.703
13  400 199 65427 2255.715 177.736 0.764 0.695
13  400 200 65653 2254.086 179.892 -0.865 0.702
13  400 201 65672 2255.243 184.350 0.292 0.719
13  400 202 65508 2255.140 175.030 0.189 0.684
13  400 203 65532 2254.684 181.129 -0.267 0.708
13  400 204 65612 2253.861 177.423 -1.090 0.693
13  400 205 65831 2255.156 175.605 0.205 0.684
13  400 206 65660 2255.621 176.172 0.671 0.688
13  400 207 65228 2255.131 176.046 0.180 0.689
13  400 208 65738 2255.760 181.011 0.809 0.706
13  400 209 65848 2254.601 179.961 -0.350 0.701
13  400 210 65709 2253.379 174.150 -1.572 0.679
13  400 211 65420 2255.562 177.531 0.611 0.694
13  400 212 65735 2254.854 173.517 -0.097 0.677
13  400 213 65392 2254.153 180.267 -0.798 0.705
13  400 214 65744 2255.389 179.086 0.438 0.698
13  400 215 65107 2253.862 175.376 -1.089 0.687
13  400 216 65652 2254.050 176.128 -0.901 0.687
13  400 217 65491 2253.646 188.769 -1.305 0.738
13  400 218 65953 2255.243 179.758 0.292 0.700
13  400 219 65855 2255.229 176.161 0.278 0.686
13  400 220 65108 2253.138 174.521 -1.813 0.684
13  400 221 65138 2255.283 173.346 0.332 0.679
13  400 222 65523 2255.261 181.428 0.310 0.709
13  400 223 65156 2255.005 175.715 0.054 0.688
13  400 224 65630 2255.468 177.312 0.517 0.692
13  400 225 65892 2255.023 178.930 0.072 0.697
13  400 226 65307 2254.806 184.294 -0.145 0.721
13  400 227 65686 2255.658 178.044 0.707 0.695
13  400 228 65564 2255.691 181.583 0.740 0.709
13  400 229 65543 2255.672 183.601 0.721 0.717
13  400 230 65586 2254.857 177.234 -0.094 0.692
13  400 231 65970 2255.869 176.344 0.918 0.687
13  400 232 65886 2254.303 174.267 -0.648 0.679
13  400 233 65189 2254.929 179.464 -0.022 0.703
13  400 234 65956 2253.946 178.659 -1.005 0.696
13  400 235 65294 2256.190 179.362 1.239 0.702
13  400 236 65226 2253.616 174.876 -1.335 0.685
13  400 237 65287 2254.730 174.361 -0.221 0.682
13  400 238 65300 2255.156 174.499 0.205 0.683
13  400 239 65327 2255.337 176.355 0.386 0.690
13  400 240 66229 2253.775 175.817 -1.176 0.683
13  400 241 66178 2255.337 179.198 0.386 0.697
13  400 242 65425 2254.728 177.385 -0.223 0.693
13  400 243 65452 2253.681 178.355 -1.270 0.697
13  400 244 65443 2254.944 184.446 -0.007 0.721
13  400 245 65545 2255.592 179.408 0.641 0.701
13  400 246 66006 2255.119 176.187 0.168 0.686
13  400 247 65260 2254.290 177.178 -0.661 0.694
13  400 248 65450 2256.166 180.339 1.215 0.705
13  400 249 65442 2254.386 176.250 -0.565 0.689
13  400 250 65993 2254.685 172.751 -0.266 0.672
13  400 251 66106 2256.584 187.804 1.633 0.730
13  400 252 65253 2254.489 179.184 -0.462 0.701
13  400 253 65379 2254.480 177.162 -0.471 0.693
13  400 254 65581 2255.672 179.244 0.722 0.700
13  400 255 65443 2256.087 183.137 1.136 0.716